Death/frame49;0;691;87;44;84;44;84;0.5;0.5
Death/frame50;0;39;115;52;96;52;96;0.5;0.5
Death/frame51;0;190;192;81;53;81;53;0.5;0.5
Death/frame52;0;39;213;101;37;101;37;0.5;0.5
Death/frame53;0;990;1;80;36;80;36;0.5;0.5
Death/frame54;0;142;194;46;56;46;56;0.5;0.5
FreezeDeath/frame52;0;39;213;101;37;101;37;0.5;0.5
Idle/frame0;0;241;1;47;93;47;93;0.5;0.5
Jumping/frame13;0;670;1;47;84;47;84;0.5;0.5
Jumping/frame15;0;290;1;47;93;47;93;0.5;0.5
Jumping/frame17;0;1;115;36;108;36;108;0.5;0.5
Jumping/frame19;0;860;80;47;77;47;77;0.5;0.5
Jumping/frame21;0;609;1;59;86;59;86;0.5;0.5
Jumping/frame22;0;990;39;69;53;69;53;0.5;0.5
Jumping/frame24;0;940;158;55;61;55;61;0.5;0.5
Jumping/frame26;0;997;157;69;53;69;53;0.5;0.5
Jumping/frame28;0;963;94;55;61;55;61;0.5;0.5
Jumping/frame13;0;670;1;47;84;47;84;0.5;0.5
Kick1/frame30;0;630;89;59;86;59;86;0.5;0.5
Kick1/frame31;0;939;1;49;63;49;63;0.5;0.5
Kick1/frame32;0;560;1;47;87;47;87;0.5;0.5
Kick1/frame33;0;454;93;55;88;55;88;0.5;0.5
Kick2/frame37;0;719;1;61;82;61;82;0.5;0.5
Kick2/frame38;0;507;1;51;87;51;87;0.5;0.5
Kick2/frame39;0;273;191;102;60;102;60;0.5;0.5
Kick2/frame40;0;633;177;38;69;38;69;0.5;0.5
Kick2/frame41;0;481;183;80;68;80;68;0.5;0.5
Kick2/frame42;0;1020;94;52;61;52;61;0.5;0.5
Kick3/frame34;0;737;85;61;82;61;82;0.5;0.5
Kick3/frame35;0;511;90;51;87;51;87;0.5;0.5
Kick3/frame36;0;377;191;102;60;102;60;0.5;0.5
Punch1/frame14;0;451;1;54;90;54;90;0.5;0.5
Punch1/frame16;0;381;94;71;90;71;90;0.5;0.5
Punch1/frame18;0;782;1;58;81;58;81;0.5;0.5
Punch1/frame20;0;842;1;95;77;95;77;0.5;0.5
Punch1/frame23;0;563;179;68;70;68;70;0.5;0.5
Punch1/frame25;0;726;173;72;78;72;78;0.5;0.5
Punch1/frame27;0;381;1;68;91;68;91;0.5;0.5
Punch1/frame29;0;1;1;48;112;48;112;0.5;0.5
Punch2/frame43;0;564;90;64;86;64;86;0.5;0.5
Punch2/frame44;0;896;159;42;77;42;77;0.5;0.5
Punch2/frame45;0;909;80;52;76;52;76;0.5;0.5
Punch2/frame46;0;673;177;51;64;51;64;0.5;0.5
Punch2/frame47;0;800;84;58;81;58;81;0.5;0.5
Punch2/frame48;0;800;167;94;77;94;77;0.5;0.5
Walking/frame1;0;51;1;28;95;28;95;0.5;0.5
Walking/frame2;0;148;97;32;94;32;94;0.5;0.5
Walking/frame3;0;291;96;43;93;43;93;0.5;0.5
Walking/frame4;0;182;97;54;93;54;93;0.5;0.5
Walking/frame5;0;186;1;53;93;53;93;0.5;0.5
Walking/frame6;0;336;96;43;93;43;93;0.5;0.5
Walking/frame7;0;81;1;27;95;27;95;0.5;0.5
Walking/frame8;0;155;1;29;94;29;94;0.5;0.5
Walking/frame9;0;339;1;40;93;40;93;0.5;0.5
Walking/frame10;0;238;96;51;93;51;93;0.5;0.5
Walking/frame11;0;93;98;53;94;53;94;0.5;0.5
Walking/frame12;0;110;1;43;94;43;94;0.5;0.5